# oST version 5.0 parameters


[image]

width
640

height
480

[narrow_stereo]

camera matrix
761.660792 0.000000 335.544966
0.000000 804.901964 225.932834
0.000000 0.000000 1.000000

distortion
0.555323 -1.648111 -0.064944 -0.006640 0.000000

rectification
1.000000 0.000000 0.000000
0.000000 1.000000 0.000000
0.000000 0.000000 1.000000

projection
819.488850 0.000000 333.548749 0.000000
0.000000 843.511939 208.000905 0.000000
0.000000 0.000000 1.000000 0.000000
